SampleID	Year	DPFS	Date	Date2	Night	Temp	?TEMP24_hrs	?TEMP48_hrs	?TEMP72_hrs	Q	ChangeQ24_hrs	ChangeQ48_hrs	ChangeQ72_hrs	MoonPhase	CODE	LunarDay	THETA	percillum	SINEpercillum	COSINEpercillum	Nsuckers(5%)	Nsuckers(100%)	Nsturgeon	Ninverts	Ninverts100	Nfamilies	Biomass_mg	Biomass_g	Biomass_g100	SampleID
ID1	2011	15	5/19/2011	19-May	1	13.657625	0.011875	0.185583333	0.617916667	12.7	-0.97	-6.02	-5.34	WaningGibbous	WAG	15	3.25	0.94	0.808	0.59	0	0	0	71	1420	7	4565.15	4.57	91.3	ID1
ID2	2011	16	5/20/2011	20-May	2	14.42829167	0.770666667	0.782541667	0.95625	12.31	-0.38	-1.35	-6.4	WaningGibbous	WAG	16	3.467	0.87	0.764	0.645	0	0	0	0	0	0	0	0	0	ID2
ID3	2011	17	5/21/2011	21-May	3	16.27879167	1.8505	2.621166667	2.633041667	9.96	-2.35	-2.73	-3.7	WaningGibbous	WAG	17	3.683	0.79	0.71	0.704	7	140	0	261	5220	6	16816.12	16.82	336.3	ID3
ID4	2011	18	5/22/2011	22-May	4	17.42270833	1.143916667	2.994416667	3.765083333	10.98	1.02	-1.33	-1.71	WaningGibbous	WAG	18	3.9	0.7	0.644	0.765	43	860	75	0	0	0	0	0	0	ID4
ID5	2011	19	5/23/2011	23-May	5	18.14841667	0.725708333	1.869625	3.720125	11.83	0.84	1.86	-0.49	WaningGibbous	WAG	19	4.117	0.61	0.573	0.82	299	5980	756	170	3400	9	11365.98	11.37	227.3	ID5
ID6	2011	20	5/24/2011	24-May	6	17.53404167	-0.614375	0.111333333	1.25525	11.17	-0.66	0.19	1.21	LastQuarter	LQ	20	4.333	0.5	0.479	0.878	834	16680	1546	257	5140	10	17110.5	17.11	342.2	ID6
ID7	2011	21	5/25/2011	25-May	7	17.24054167	-0.2935	-0.907875	-0.182166667	11.31	0.14	-0.52	0.33	WaningCrescent	WNC	21	4.55	0.42	0.408	0.913	601	12020	2413	0	0	0	0	0	0	ID7
ID8	2011	22	5/26/2011	26-May	8	15.815375	-1.425166667	-1.718666667	-2.333041667	10.46	-0.85	-0.71	-1.37	WaningCrescent	WNC	22	4.767	0.33	0.324	0.946	1095	21900	3147	394	7880	10	25680.41	25.68	513.6	ID8
ID9	2011	23	5/27/2011	27-May	9	15.87383333	0.058458333	-1.366708333	-1.660208333	11.53	1.07	0.22	0.36	WaningCrescent	WNC	23	4.983	0.24	0.238	0.971	0	0	2129	0	0	0	0	0	0	ID9
ID10	2011	24	5/28/2011	28-May	10	15.719875	-0.153958333	-0.0955	-1.520666667	8.77	-2.77	-1.7	-2.55	WaningCrescent	WNC	24	5.2	0.16	0.159	0.987	67	1340	0	106	2120	8	5929.07	5.93	118.6	ID10
ID11	2011	25	5/29/2011	29-May	11	15.38570833	-0.334166667	-0.488125	-0.429666667	10.19	1.42	-1.35	-0.27	WaningCrescent	WNC	25	5.417	0.1	0.1	0.995	49	980	661	81	1620	10	4498.61	4.5	90	ID11
ID12	2011	26	5/30/2011	30-May	12	17.06891667	1.683208333	1.349041667	1.195083333	8.8	-1.38	0.04	-2.73	WaningCrescent	WNC	26	5.633	0.05	0.05	0.999	50	1000	502	53	1060	7	3244.93	3.24	64.9	ID12
ID13	2011	27	5/31/2011	31-May	13	18.84616667	1.77725	3.460458333	3.126291667	7.74	-1.06	-2.44	-1.02	WaningCrescent	WNC	27	5.85	0.02	0.02	1	0	0	669	0	0	0	0	0	0	ID13
ID14	2011	28	6/1/2011	1-Jun	14	17.755875	-1.090291667	0.686958333	2.370166667	8.49	0.75	-0.31	-1.7	NewMoon	NM	0	0	0	0	1	18	360	0	37	740	7	2429.38	2.43	48.6	ID14
ID15	2011	29	6/2/2011	2-Jun	15	17.61704167	-0.138833333	-1.229125	0.548125	8.3	-0.19	0.55	-0.51	WaxingCrescent	WXC	1	0.217	0.01	0.01	1	7	140	333	57	1140	11	2969.31	2.97	59.4	ID15
ID16	2011	30	6/3/2011	3-Jun	16	18.32270833	0.705666667	0.566833333	-0.523458333	8.24	-0.05	-0.25	0.5	WaxingCrescent	WXC	2	0.433	0.03	0.03	1	8	160	480	37	740	6	2262.15	2.26	45.2	ID16
ID17	2011	31	6/4/2011	4-Jun	17	18.69129167	0.368583333	1.07425	0.935416667	7.86	-0.38	-0.43	-0.63	WaxingCrescent	WXC	3	0.65	0.08	0.08	0.997	22	440	230	56	1120	5	3851.05	3.85	77	ID17
ID18	2011	32	6/5/2011	5-Jun	18	19.12758333	0.436291667	0.804875	1.510541667	6.48	-1.38	-1.76	-1.81	WaxingCrescent	WXC	4	0.867	0.15	0.149	0.989	22	440	211	63	1260	7	4413.4	4.41	88.3	ID18
ID19	2011	33	6/6/2011	6-Jun	19	20.46554167	1.337958333	1.77425	2.142833333	6.63	0.14	-1.24	-1.62	WaxingCrescent	WXC	5	1.083	0.24	0.238	0.971	43	860	400	37	740	6	2577.84	2.58	51.6	ID19
ID20	2011	34	6/7/2011	7-Jun	20	21.87054167	1.405	2.742958333	3.17925	6.3	-0.33	-0.19	-1.57	WaxingCrescent	WXC	6	1.3	0.34	0.333	0.943	188	3760	598	69	1380	5	4648.63	4.65	93	ID20
ID21	2011	35	6/8/2011	8-Jun	21	21.549	-0.321541667	1.083458333	2.421416667	6.91	0.61	0.28	0.42	FirstQuarter	FQ	7	1.517	0.5	0.479	0.878	79	1580	191	7	140	6	563.11	0.56	11.3	ID21
ID22	2011	36	6/9/2011	9-Jun	22	20.10275	-1.44625	-1.767791667	-0.362791667	11.61	4.71	5.32	4.99	WaxingGibbous	WXG	8	1.733	0.57	0.54	0.842	0	0	4	0	0	0	0	0	0	ID22
ID23	2011	37	6/10/2011	10-Jun	23	18.90525	-1.1975	-2.64375	-2.965291667	11.19	-0.42	4.29	4.9	WaxingGibbous	WXG	9	1.95	0.68	0.629	0.778	0	0	0	0	0	0	0	0	0	ID23
ID24	2011	38	6/11/2011	11-Jun	24	17.01820833	-1.887041667	-3.084541667	-4.530791667	12.14	0.94	0.52	5.23	WaxingGibbous	WXG	10	2.167	0.78	0.703	0.711	0	0	0	0	0	0	0	0	0	ID24
ID25	2011	39	6/12/2011	12-Jun	25	15.91454167	-1.103666667	-2.990708333	-4.188208333	12.44	0.3	1.24	0.82	WaxingGibbous	WXG	11	2.383	0.87	0.764	0.645	107	2140	0	36	720	6	960.45	0.96	19.2	ID25
ID26	2011	40	6/13/2011	13-Jun	26	16.613625	0.699083333	-0.404583333	-2.291625	13.29	0.85	1.15	2.09	WaxingGibbous	WXG	12	2.6	0.94	0.808	0.59	66	1320	71	94	1880	6	1997.46	2	39.9	ID26
ID27	2011	41	6/14/2011	14-Jun	27	18.26729167	1.653666667	2.35275	1.249083333	11.01	-2.27	-1.42	-1.12	WaxingGibbous	WXG	13	2.817	0.98	0.83	0.557	144	2880	100	71	1420	2	1131.47	1.13	22.6	ID27
ID28	2011	42	6/15/2011	15-Jun	28	19.33	1.062708333	2.716375	3.415458333	8.17	-2.85	-5.12	-4.27	FullMoon	FM	14	3.033	1	0.841	0.54	136	2720	82	43	860	6	971.86	0.97	19.4	ID28
ID29	2011	43	6/16/2011	16-Jun	29	19.43670833	0.106708333	1.169416667	2.823083333	7.43	-0.73	-3.58	-5.85	WaningGibbous	WAG	15	3.25	0.99	0.836	0.549	99	1980	65	38	760	5	809.32	0.81	16.2	ID29
ID30	2011	44	6/17/2011	17-Jun	30	19.941125	0.504416667	0.611125	1.673833333	6.41	-1.02	-1.76	-4.6	WaningGibbous	WAG	16	3.467	0.96	0.819	0.574	128	2560	17	92	1840	3	3938.04	3.94	78.8	ID30
ID31	2011	45	6/18/2011	18-Jun	31	20.73970833	0.798583333	1.303	1.409708333	6.26	-0.15	-1.18	-1.91	WaningGibbous	WAG	17	3.683	0.91	0.79	0.614	66	1320	6	71	1420	5	3242.82	3.24	64.9	ID31
ID32	2011	46	6/19/2011	19-Jun	32	21.17183333	0.432125	1.230708333	1.735125	6.65	0.39	0.24	-0.79	WaningGibbous	WAG	18	3.9	0.84	0.745	0.667	28	560	3	64	1280	3	3542.12	3.54	70.8	ID32
ID33	2011	47	6/20/2011	20-Jun	33	20.36470833	-0.807125	-0.375	0.423583333	6.31	-0.34	0.05	-0.1	WaningGibbous	WAG	19	4.117	0.76	0.689	0.725	30	600	0	47	940	7	2164.01	2.16	43.3	ID33
ID34	2011	48	6/21/2011	21-Jun	34	19.78154167	-0.583166667	-1.390291667	-0.958166667	7.76	1.45	1.11	1.5	WaningGibbous	WAG	20	4.333	0.67	0.621	0.784	0	0	0	0	0	0	0	0	0	ID34
ID35	2011	49	6/22/2011	22-Jun	35	17.58158333	-2.199958333	-2.783125	-3.59025	30.1	22.34	23.79	23.45	WaningGibbous	WAG	21	4.55	0.58	0.548	0.836	0	0	0	0	0	0	0	0	0	ID35
ID36	2012	23	5/9/2012	9-May	1	13.19	-0.4	-0.48	-0.69	11.19	1.66	-0.99	-1.27	WaningGibbous	WAG	18	3.9	0.83	0.738	0.675	152	3040	0	71	1420	6	4791.31	4.79	95.8	ID36
ID37	2012	24	5/11/2012	11-May	2	14.24	1.07	1.06	0.66	10	0.14	-1.19	0.46	WaningGibbous	WAG	20	4.333	0.63	0.589	0.808	423	8460	3	136	2720	10	8836.52	8.84	176.7	ID37
ID38	2012	25	5/12/2012	12-May	3	14.72	0.48	1.55	1.54	8.16	-1.84	-1.7	-3.03	LastQuarter	LQ	21	4.55	0.5	0.479	0.878	401	8020	1	82	1640	7	5167.08	5.17	103.3	ID38
ID39	2012	26	5/13/2012	13-May	4	15.28	0.55	1.03	2.11	7.54	-0.62	-2.46	-2.32	WaningCrescent	WNC	22	4.767	0.42	0.408	0.913	140	2800	0	71	1420	4	4665.03	4.67	93.3	ID39
ID40	2012	27	5/14/2012	14-May	5	16.22	0.94	1.49	1.97	6.37	-1.17	-1.79	-3.63	WaningCrescent	WNC	23	4.983	0.33	0.324	0.946	431	8620	0	121	2420	5	8044.33	8.04	160.9	ID40
ID41	2012	28	5/15/2012	15-May	6	16.99	0.77	1.71	2.27	5.96	-0.41	-1.58	-2.2	WaningCrescent	WNC	24	5.2	0.24	0.238	0.971	532	10640	7	120	2400	9	7897.25	7.9	157.9	ID41
ID42	2012	29	5/16/2012	16-May	7	15.51	-1.48	-0.71	0.23	5.92	-0.04	-0.45	-1.62	WaningCrescent	WNC	25	5.417	0.16	0.159	0.987	59	1180	6	82	1640	9	5343.69	5.34	106.9	ID42
ID43	2012	30	5/17/2012	17-May	8	16.1	0.6	-0.89	-0.11	5.78	-0.14	-0.18	-0.59	WaningCrescent	WNC	26	5.633	0.1	0.1	0.995	129	2580	13	28	560	3	1765.6	1.77	35.3	ID43
ID44	2012	31	5/18/2012	18-May	9	17.37	1.27	1.86	0.38	5.49	-0.29	-0.43	-0.47	WaningCrescent	WNC	27	5.85	0.05	0.05	0.999	57	1140	92	163	3260	6	10045.87	10.05	200.9	ID44
ID45	2012	32	5/19/2012	19-May	10	NA	NA	NA	NA	NA	NA	NA	NA	WaningCrescent	WNC	28	6.067	0.02	0.02	1	13	260	317	42	840	4	2452.44	2.45	49	ID45
ID46	2012	33	5/20/2012	20-May	11	NA	NA	NA	NA	NA	NA	NA	NA	NewMoon	NM	0	0	0	0	1	20	400	1052	160	3200	8	10294.9	10.29	205.9	ID46
ID47	2012	34	5/21/2012	21-May	12	NA	NA	NA	NA	NA	NA	NA	NA	NewMoon	NM	0	0	0	0	1	25	500	1027	170	3400	8	11414.97	11.41	228.3	ID47
ID48	2012	35	5/22/2012	22-May	13	18.76	NA	NA	NA	NA	NA	NA	NA	WaxingCrescent	WXC	1	0.217	0.03	0.03	1	6	120	1067	311	6220	8	20563.48	20.56	411.3	ID48
ID49	2012	36	5/23/2012	23-May	14	19.77	1.01	NA	NA	11.83	0.9	NA	NA	WaxingCrescent	WXC	2	0.433	0.06	0.06	0.998	16	320	1686	67	1340	8	4325.34	4.33	86.5	ID49
ID50	2012	37	5/24/2012	24-May	15	20.8	1.03	2.04	NA	11.32	-0.51	0.39	NA	WaxingCrescent	WXC	3	0.65	0.12	0.12	0.993	9	180	1326	31	620	3	2087.53	2.09	41.8	ID50
ID51	2012	38	5/25/2012	25-May	16	20.87	0.07	1.1	2.11	10.35	-0.97	-1.48	-0.58	WaxingCrescent	WXC	4	0.867	0.19	0.189	0.982	22	440	1750	156	3120	8	10043.04	10.04	200.9	ID51
ID52	2012	39	5/26/2012	26-May	17	20.61	-0.27	-0.2	0.84	10.32	-0.03	-1	-1.51	WaxingCrescent	WXC	5	1.083	0.28	0.276	0.961	53	1060	1219	45	900	5	2874.35	2.87	57.5	ID52
ID53	2012	40	5/27/2012	27-May	18	20.27	-0.33	-0.6	-0.53	10.48	0.16	0.13	-0.84	WaxingCrescent	WXC	6	1.3	0.38	0.371	0.929	206	4120	594	62	1240	5	4069.12	4.07	81.4	ID53
ID54	2012	41	5/28/2012	28-May	19	20.7	0.43	0.09	-0.17	11.86	1.38	1.54	1.51	FirstQuarter	FQ	7	1.517	0.5	0.479	0.878	22	440	105	8	160	5	366.29	0.37	7.3	ID54
ID55	2012	42	5/29/2012	29-May	20	20.59	-0.11	0.31	-0.02	13.28	1.43	2.8	2.97	WaxingGibbous	WXG	8	1.733	0.59	0.556	0.831	478	9560	43	39	780	5	1161.62	1.16	23.2	ID55
ID56	2012	43	5/30/2012	30-May	21	19.73	-0.86	-0.97	-0.54	12.86	-0.42	1	2.38	WaxingGibbous	WXG	9	1.95	0.7	0.644	0.765	4876	97520	15	66	1320	7	2128.96	2.13	42.6	ID56
ID57	2012	44	5/31/2012	31-May	22	18.99	-0.74	-1.59	-1.71	11.9	-0.96	-1.39	0.04	WaxingGibbous	WXG	10	2.167	0.8	0.717	0.697	6095	121900	8	40	800	4	1082.2	1.08	21.6	ID57
ID58	2012	45	6/1/2012	1-Jun	23	17.71	-1.28	-2.02	-2.88	11.95	0.05	-0.91	-1.34	WaxingGibbous	WXG	11	2.383	0.89	0.777	0.629	1131	22620	17	145	2900	9	5442.32	5.44	108.8	ID58
ID59	2012	46	6/7/2012	7-Jun	24	17.8	1.25	2.05	2.99	15.53	-4.51	-7.99	-8.24	WaningGibbous	WAG	12	2.6	0.86	0.758	0.652	129	2580	3	177	3540	9	8776.85	8.78	175.5	ID59
ID60	2012	47	6/8/2012	8-Jun	25	19.16	1.36	2.61	3.41	11.64	-3.89	-8.4	-11.88	WaningGibbous	WAG	13	2.817	0.78	0.703	0.711	132	2640	1	63	1260	7	2817.59	2.82	56.4	ID60
ID61	2012	48	6/9/2012	9-Jun	26	20.15	1	2.35	3.6	14.75	3.11	-0.79	-5.29	WaningGibbous	WAG	14	3.033	0.68	0.629	0.778	106	2120	1	97	1940	10	3724.79	3.72	74.5	ID61
ID62	2012	49	6/10/2012	10-Jun	27	21.91	1.76	2.75	4.11	14.79	0.05	3.15	-0.74	WaningGibbous	WAG	15	3.25	0.58	0.548	0.836	79	1580	0	77	1540	8	3169.69	3.17	63.4	ID62
ID63	2012	50	6/11/2012	11-Jun	28	23.34	1.43	3.19	4.18	14.67	-0.12	-0.08	3.03	LastQuarter	LQ	16	3.466582069	0.5	0.479	0.878	54	1080	20	41	820	7	2069.53	2.07	41.4	ID63
ID64	2012	51	6/12/2012	12-Jun	29	21.64	-1.7	-0.27	1.49	12.55	-2.12	-2.25	-2.2	WaningCrescent	WNC	17	3.683243448	0.38	0.371	0.929	169	3380	51	39	780	7	2321.74	2.32	46.4	ID64
ID65	2012	52	6/13/2012	13-Jun	30	21.08	-0.56	-2.26	-0.83	11.17	-1.37	-3.5	-3.62	WaningCrescent	WNC	18	3.899904828	0.29	0.286	0.958	93	1860	181	46	920	5	2783.86	2.78	55.7	ID65
ID66	2012	53	6/14/2012	14-Jun	31	21.44	0.36	-0.2	-1.9	11.59	0.42	-0.95	-3.08	WaningCrescent	WNC	19	4.116566207	0.21	0.208	0.978	43	860	286	80	1600	10	4198.77	4.2	84	ID66
ID67	2012	54	6/15/2012	15-Jun	32	22.17	0.73	1.09	0.53	10.53	-1.06	-0.64	-2.01	WaningCrescent	WNC	20	4.333227586	0.14	0.14	0.99	317	6340	103	50	1000	5	1242.87	1.24	24.9	ID67
ID68	2012	55	6/16/2012	16-Jun	33	22.6	0.43	1.16	1.52	10.65	0.11	-0.95	-0.53	WaningCrescent	WNC	21	4.549888966	0.08	0.08	0.997	13	260	30	31	620	7	3070.1	3.07	61.4	ID68
ID69	2012	56	6/17/2012	17-Jun	34	22.17	-0.43	-0.01	0.73	12.83	2.18	2.3	1.24	WaningCrescent	WNC	22	4.766550345	0.04	0.04	0.999	11	220	13	37	740	9	2283.36	2.28	45.7	ID69
ID70	2012	57	6/22/2012	22-Jun	35	22.57	-0.26	-0.12	0.7	16.83	-4.73	-7.19	-3.55	WaxingCrescent	WXC	2	0.433322759	0.09	0.09	0.996	41	820	0	38	760	9	2244.67	2.24	44.9	ID70
ID71	2012	58	6/23/2012	23-Jun	36	22.59	0.03	-0.23	-0.09	13.11	-3.72	-8.45	-10.91	WaxingCrescent	WXC	3	0.649984138	0.16	0.159	0.987	2	40	0	43	860	6	2763.58	2.76	55.3	ID71
ID72	2013	15	5/18/2013	18-May	1	13.66	-1.21	-1.25	0.92	8.09	-0.92	-0.86	-0.71	FirstQuarter	FQ	8	1.733	0.5	0.479	0.878	67	1340	11	75	1500	6	5015.94	5.02	100.3	ID72
ID73	2013	16	5/19/2013	19-May	3	13.81	0.15	-1.05	-1.1	6.55	-1.54	-2.46	-2.4	WaxingGibbous	WXG	9	1.95	0.65	0.605	0.796	158	3160	51	28	560	9	1662.34	1.66	33.2	ID73
ID74	2013	17	5/20/2013	20-May	4	16.41	2.6	2.75	1.55	5.78	-0.77	-2.31	-3.23	WaxingGibbous	WXG	10	2.167	0.75	0.682	0.732	734	14680	171	45	900	6	3022.17	3.02	60.4	ID74
ID75	2013	25	5/28/2013	28-May	12	13.7	-0.2	0.4	1.28	9.26	-3.77	-6.83	-7.76	WaningGibbous	WAG	18	3.9	0.83	0.738	0.675	4	80	6	25	500	4	1962.24	1.96	39.2	ID75
ID76	2013	26	5/29/2013	29-May	13	13.7	0	-0.2	0.4	7.74	-1.52	-5.29	-8.35	WaningGibbous	WAG	19	4.117	0.73	0.667	0.745	12	240	3	81	1620	7	5469.88	5.47	109.4	ID76
ID77	2013	27	5/30/2013	30-May	14	16.17	2.47	2.47	2.27	7.79	0.05	-1.47	-5.24	WaningGibbous	WAG	20	4.333	0.62	0.581	0.814	13	260	16	120	2400	8	7609.96	7.61	152.2	ID77
ID78	2013	28	5/31/2013	31-May	15	19.23	3.06	5.53	5.53	7.02	-0.78	-0.73	-2.25	LastQuarter	LQ	21	4.55	0.5	0.479	0.878	5	100	9	65	1300	8	4609.34	4.61	92.2	ID78
ID79	2013	29	6/1/2013	1-Jun	16	20.41	1.18	4.24	6.7	5.93	-1.08	-1.86	-1.81	WaningCrescent	WNC	22	4.767	0.41	0.399	0.917	0	0	14	141	2820	6	9337.62	9.34	186.8	ID79
ID80	2013	33	6/5/2013	5-Jun	20	14.12	0.14	-0.27	-4.49	7.91	-0.76	-0.1	1.42	WaningCrescent	WNC	26	5.633	0.08	0.08	0.997	6	120	15	70	1400	6	5055.72	5.06	101.1	ID80
ID81	2013	34	6/6/2013	6-Jun	21	14.16	0.05	0.18	-0.22	6.61	-1.3	-2.06	-1.4	WaningCrescent	WNC	27	5.85	0.04	0.04	0.999	25	500	30	29	580	4	1950.75	1.95	39	ID81
ID82	2013	35	6/7/2013	7-Jun	22	15.35	1.18	1.23	1.37	5.86	-0.75	-2.05	-2.81	WaningCrescent	WNC	28	6.067	0.01	0.01	1	72	1440	36	77	1540	5	5192.24	5.19	103.8	ID82
ID83	2013	36	6/8/2013	8-Jun	23	15.95	0.6	1.79	1.83	5.79	-0.07	-0.82	-2.12	NewMoon	NM	0	0	0	0	1	85	1700	69	166	3320	7	11035.7	11.04	220.7	ID83
ID84	2013	37	6/9/2013	9-Jun	24	15.58	-0.37	0.23	1.41	6.15	0.36	0.29	-0.46	WaxingCrescent	WXC	1	0.217	0.01	0.01	1	208	4160	37	105	2100	6	7048.38	7.05	141	ID84
ID85	2013	38	6/10/2013	10-Jun	25	15.99	0.41	0.04	0.64	5.11	-1.04	-0.68	-0.75	WaxingCrescent	WXC	2	0.433	0.04	0.04	0.999	184	3680	64	124	2480	5	8322.99	8.32	166.5	ID85
ID86	2013	39	6/11/2013	11-Jun	26	16.4	0.41	0.82	0.45	4.74	-0.37	-1.41	-1.05	WaxingCrescent	WXC	3	0.65	0.08	0.08	0.997	1130	22600	58	110	2200	7	7561.86	7.56	151.2	ID86
ID87	2013	40	6/12/2013	12-Jun	27	18.03	1.63	2.04	2.45	4.83	0.09	-0.28	-1.32	WaxingCrescent	WXC	4	0.867	0.14	0.14	0.99	509	10180	27	118	2360	6	7645.66	7.65	152.9	ID87
ID88	2013	41	6/13/2013	13-Jun	28	19.09	1.06	2.69	3.1	4.53	-0.3	-0.21	-0.58	WaxingCrescent	WXC	5	1.083	0.21	0.208	0.978	436	8720	33	38	760	5	2523.08	2.52	50.5	ID88
ID89	2013	42	6/14/2013	14-Jun	29	18.96	-0.13	0.93	2.56	5.61	1.08	0.78	0.87	WaxingCrescent	WXC	6	1.299968276	0.3	0.296	0.955	354	7080	60	82	1640	6	3859.92	3.86	77.2	ID89
ID90	2013	43	6/15/2013	15-Jun	30	17.84	-1.12	-1.25	-0.19	4.84	-0.76	0.32	0.02	WaxingCrescent	WXC	7	1.516629655	0.39	0.38	0.925	4	80	47	126	2520	6	3576.35	3.58	71.5	ID90
ID91	2013	44	6/16/2013	16-Jun	31	18.3	0.47	-0.65	-0.78	4.04	-0.81	-1.57	-0.49	FirstQuarter	FQ	8	1.733291034	0.5	0.479	0.878	15	300	54	146	2920	7	3672.56	3.67	73.5	ID91
ID92	2013	45	6/17/2013	17-Jun	32	18.3	0	0.46	-0.66	5.5	1.47	0.66	-0.1	WaxingGibbous	WXG	9	1.949952414	0.6	0.565	0.825	57	1140	48	62	1240	5	1186.67	1.19	23.7	ID92
ID93	2013	46	6/18/2013	18-Jun	33	17.15	-1.15	-1.15	-0.68	6.66	1.16	2.62	1.81	WaxingGibbous	WXG	10	2.166613793	0.7	0.644	0.765	182	3640	29	50	1000	7	1281.51	1.28	25.6	ID93
ID94	2013	47	6/19/2013	19-Jun	34	17.46	0.31	-0.84	-0.84	6.54	-0.12	1.04	2.5	WaxingGibbous	WXG	11	2.383275172	0.8	0.717	0.697	435	8700	17	36	720	7	1394.57	1.39	27.9	ID94
ID95	2013	48	6/20/2013	20-Jun	35	17.87	0.42	0.72	-0.42	6.01	-0.52	-0.64	0.51	WaxingGibbous	WXG	12	2.599936552	0.89	0.777	0.629	484	9680	10	32	640	5	498.67	0.5	10	ID95
ID96	2013	49	6/21/2013	21-Jun	36	18.67	0.79	1.21	1.51	5.36	-0.66	-1.18	-1.3	WaxingGibbous	WXG	13	2.816597931	0.95	0.813	0.582	249	4980	5	36	720	8	1087.43	1.09	21.7	ID96
ID97	2013	50	6/22/2013	22-Jun	37	18.85	0.18	0.98	1.39	4.91	-0.45	-1.11	-1.63	WaxingGibbous	WXG	14	3.03325931	0.99	0.836	0.549	166	3320	2	19	380	7	655.88	0.66	13.1	ID97
ID98	2013	51	6/23/2013	23-Jun	38	19.56	0.71	0.9	1.69	4.47	-0.43	-0.89	-1.54	FullMoon	FM	15	3.24992069	1	-0.506	0.862	66	1320	0	24	480	6	725.42	0.73	14.5	ID98
ID99	2013	52	6/24/2013	24-Jun	39	21.68	2.11	2.83	3.01	4.18	-0.3	-0.73	-1.18	WaningGibbous	WAG	16	3.466582069	0.98	0.83	0.557	61	1220	0	13	260	3	428.33	0.43	8.6	ID99
ID100	2014	18	5/26/2014	26-May	1	18.37	1.02	2.14	3.2	NA	NA	NA	NA	WaningCrescent	WNC	27	5.85	0.05	0.05	0.999	31	620	1	362	7240	15	21918.28	21.92	438.4	ID100
ID101	2014	19	5/27/2014	27-May	2	19.26	0.88	1.9	3.02	NA	NA	NA	NA	WaningCrescent	WNC	28	6.067	0.01	0.01	1	459	9180	23	617	12340	14	40935.69	40.94	818.7	ID101
ID102	2014	20	5/28/2014	28-May	3	19.71	0.45	1.33	2.35	NA	NA	NA	NA	NewMoon	NM	1	0.217	0	0	1	1219	24380	388	254	5080	10	16708.91	16.71	334.2	ID102
ID103	2014	21	5/29/2014	29-May	4	20.3	0.59	1.04	1.93	NA	NA	NA	NA	WaxingCrescent	WXC	2	0.433	0.01	0.01	1	2355	47100	1269	356	7120	11	23498.74	23.5	470	ID103
ID104	2014	22	5/30/2014	30-May	5	20.67	0.38	0.97	1.42	NA	NA	NA	NA	WaxingCrescent	WXC	3	0.65	0.04	0.04	0.999	602	12040	2791	276	5520	13	18053.69	18.05	361.1	ID104
ID105	2014	23	5/31/2014	31-May	6	21.71	1.03	1.41	2	NA	NA	NA	NA	WaxingCrescent	WXC	4	0.867	0.08	0.08	0.997	51	1020	3123	109	2180	10	7629.07	7.63	152.6	ID105
ID106	2014	24	6/1/2014	1-Jun	7	21.75	0.04	1.07	1.45	NA	NA	NA	NA	WaxingCrescent	WXC	5	1.083	0.14	0.14	0.99	32	640	1214	184	3680	14	11774.11	11.77	235.5	ID106
ID107	2014	25	6/2/2014	2-Jun	8	21.98	0.23	0.28	1.31	NA	NA	NA	NA	WaxingCrescent	WXC	6	1.3	0.22	0.218	0.976	13	260	705	212	4240	14	13273.92	13.27	265.5	ID107
ID108	2014	26	6/3/2014	3-Jun	9	20.87	-1.11	-0.88	-0.83	NA	NA	NA	NA	WaxingCrescent	WXC	7	1.517	0.3	0.296	0.955	15	300	2062	91	1820	14	6055.82	6.06	121.1	ID108
ID109	2014	27	6/4/2014	4-Jun	10	20.31	-0.57	-1.68	-1.44	NA	NA	NA	NA	WaxingCrescent	WXC	8	1.733	0.39	0.38	0.925	21	420	2283	85	1700	12	5791.67	5.79	115.8	ID109
ID110	2014	28	6/5/2014	5-Jun	11	20.22	-0.09	-0.66	-1.77	NA	NA	NA	NA	FirstQuarter	FQ	9	1.95	0.5	0.479	0.878	21	420	963	143	2860	14	10438.65	10.44	208.8	ID110
ID111	2014	29	6/6/2014	6-Jun	12	20.4	0.19	0.1	-0.47	NA	NA	NA	NA	WaxingGibbous	WXG	10	2.167	0.58	0.548	0.836	201	4020	425	197	3940	11	13255.94	13.26	265.1	ID111
ID112	2014	30	6/7/2014	7-Jun	13	20.66	0.25	0.44	0.35	NA	NA	NA	NA	WaxingGibbous	WXG	11	2.383	0.68	0.629	0.778	391	7820	164	128	2560	13	8881.94	8.88	177.6	ID112
ID113	2014	31	6/8/2014	8-Jun	14	20.04	-0.62	-0.37	-0.18	NA	NA	NA	NA	WaxingGibbous	WXG	12	2.6	0.77	0.696	0.718	670	13400	47	90	1800	11	6022.47	6.02	120.4	ID113
ID114	2014	32	6/9/2014	9-Jun	15	20.73	0.7	0.07	0.33	NA	NA	NA	NA	WaxingGibbous	WXG	13	2.817	0.85	0.751	0.66	2195	43900	11	85	1700	14	5170.52	5.17	103.4	ID114
ID115	2014	33	6/10/2014	10-Jun	16	20.65	-0.08	0.62	0	NA	NA	NA	NA	WaxingGibbous	WXG	14	3.033	0.92	0.796	0.606	3233	64660	2	72	1440	10	4956.41	4.96	99.1	ID115
ID116	2014	34	6/11/2014	11-Jun	17	20.1	-0.56	-0.64	0.06	NA	NA	NA	NA	WaxingGibbous	WXG	15	3.25	0.97	0.825	0.565	2667	53340	1	69	1380	9	5733.29	5.73	114.7	ID116
ID117	2014	35	6/12/2014	12-Jun	18	20.04	-0.05	-0.61	-0.69	NA	NA	NA	NA	FullMoon	FM	16	3.467	1	0.841	0.54	738	14760	0	70	1400	16	4569.3	4.57	91.4	ID117
ID118	2014	36	6/13/2014	13-Jun	19	18.9	-1.15	-1.2	-1.76	NA	NA	NA	NA	FullMoon	FM	17	3.683	1	0.841	0.54	358	7160	0	81	1620	12	5122.89	5.12	102.5	ID118
ID119	2014	37	6/23/2014	23-Jun	20	19.16	0.06	1.01	0.78	NA	NA	NA	NA	WaningCrescent	WNC	25	5.417	0.13	0.13	0.992	11	220	1	79	1580	9	3396.94	3.4	67.9	ID119
ID120	2014	38	6/24/2014	24-Jun	21	19.14	-0.03	0.03	0.98	NA	NA	NA	NA	WaningCrescent	WNC	26	5.633	0.07	0.07	0.998	10	200	0	43	860	8	2685.43	2.69	53.7	ID120
ID121	2014	39	6/26/2014	26-Jun	22	19.49	0.5	0.36	0.33	NA	NA	NA	NA	WaningCrescent	WNC	27	5.85	0.01	0.01	1	9	180	0	53	1060	9	3511.28	3.51	70.2	ID121
ID122	2014	40	6/28/2014	28-Jun	23	22.22	1.46	2.73	3.23	NA	NA	NA	NA	WaningCrescent	WNC	28	6.067	0.02	0.02	1	0	0	0	40	800	11	2638.84	2.64	52.8	ID122
ID123	2015	15	5/18/2015	18-May	1	16.59	0.701	2.906	3.1	10.21	2.71	2.52	1.07	NewMoon	NM	0	0	0.01	0.841	0.54	4065	81300	5	137	2740	14	7339.15	7.34	146.8	ID123
ID124	2015	16	5/19/2015	19-May	2	15.34	-1.252	-0.551	1.654	8.53	-1.68	1.03	0.84	NewMoon	NM	1	0.217	0.03	0.141	-0.99	1703	34060	28	247	4940	18	13064.83	13.06	261.3	ID124
ID125	2015	17	5/20/2015	20-May	3	14.99	-0.352	-1.604	-0.903	7.12	-1.41	-3.08	-0.38	WaxingCrescent	WXC	2	0.433	0.07	0.657	0.754	9269	185380	73	490	9800	20	27872.09	27.87	557.4	ID125
ID126	2015	18	5/21/2015	21-May	4	15.07	0.077	-0.276	-1.527	7.83	0.71	-0.7	-2.38	WaxingCrescent	WXC	3	0.65	0.13	0.42	0.907	2024	40480	97	207	4140	15	9947.29	9.95	198.9	ID126
ID127	2015	19	5/22/2015	22-May	5	14.83	-0.239	-0.163	-0.515	7.78	-0.05	0.66	-0.75	WaxingCrescent	WXC	4	0.867	0.21	0.837	-0.548	1291	25820	84	263	5260	20	12570.54	12.57	251.4	ID127
ID128	2015	20	5/23/2015	23-May	6	15.1	0.269	0.03	0.106	6.31	-1.47	-1.52	-0.81	WaxingCrescent	WXC	5	1.083	0.3	-0.988	0.154	553	11060	131	232	4640	19	11381.76	11.38	227.6	ID128
ID129	2015	21	5/24/2015	24-May	7	15.66	0.559	0.828	0.589	7.43	1.12	-0.35	-0.4	WaxingCrescent	WXC	6	1.3	0.39	0.964	0.267	168	3360	124	146	2920	16	6414.58	6.41	128.3	ID129
ID130	2015	32	6/4/2015	4-Jun	8	17.78	0.365	1.21	1.504	9.13	-2.51	-5.38	-7.03	WaningGibbous	WAG	17	3.683	0.97	0.38	-0.925	79	1580	550	106	2120	11	5299.25	5.3	106	ID130
ID131	2015	33	6/5/2015	5-Jun	9	17.32	-0.464	-0.098	0.747	8.38	-0.75	-3.26	-6.13	WaningGibbous	WAG	18	3.9	0.91	0.106	-0.994	191	3820	156	84	1680	13	4490.71	4.49	89.8	ID131
ID132	2015	34	6/6/2015	6-Jun	10	17.91	0.594	0.131	0.496	7.4	-0.98	-1.73	-4.24	WaningGibbous	WAG	19	4.117	0.84	0.733	-0.68	512	10240	50	119	2380	18	5024.18	5.02	100.5	ID132
ID133	2015	35	6/7/2015	7-Jun	11	17.36	-0.559	0.035	-0.428	8.36	0.96	-0.02	-0.77	WaningGibbous	WAG	20	4.333	0.74	-0.985	0.172	87	1740	17	16	320	7	1146.07	1.15	22.9	ID133
ID134	2015	36	6/8/2015	8-Jun	12	16.91	-0.448	-1.007	-0.413	8.68	0.32	1.28	0.3	LastQuarter	LQ	21	4.55	0.64	0.92	0.392	81	1620	18	55	1100	9	2274.86	2.27	45.5	ID134
ID135	2015	37	6/9/2015	9-Jun	13	17.68	0.773	0.325	-0.234	8.53	-0.14	0.17	1.14	LastQuarter	LQ	22	4.767	0.52	0.987	-0.163	198	3960	49	42	840	10	1830.65	1.83	36.6	ID135
ID136	2015	47	6/19/2015	19-Jun	14	19.87	0.136	0.243	1.135	8.68	-2.13	-4.08	-4.65	WaxingCrescent	WXC	3	0.65	0.1	-0.544	-0.839	121	2420	96	107	2140	15	4206.7	4.21	84.1	ID136
ID137	2015	48	6/20/2015	20-Jun	15	19.92	0.051	0.187	0.294	7.99	-0.69	-2.82	-4.77	WaxingCrescent	WXC	4	0.867	0.16	-0.288	-0.958	19	380	38	35	700	10	1338.28	1.34	26.8	ID137
ID138	2015	49	6/21/2015	21-Jun	16	19.67	-0.243	-0.191	-0.055	7.44	-0.55	-1.24	-3.37	WaxingCrescent	WXC	5	1.083	0.24	-0.906	0.424	120	2400	20	164	3280	12	6830.75	6.83	136.6	ID138
ID139	2015	50	6/22/2015	22-Jun	17	20.34	0.664	0.421	0.472	6.57	-0.88	-1.43	-2.11	WaxingCrescent	WXC	6	1.3	0.32	0.551	0.834	19	380	12	51	1020	15	1731.81	1.73	34.6	ID139
ID140	2015	51	6/23/2015	23-Jun	18	19.72	-0.616	0.048	-0.195	8.14	1.58	0.7	0.15	FirstQuarter	FQ	7	1.517	0.41	-0.159	-0.987	25	500	8	66	1320	12	2460.5	2.46	49.2	ID140
ID141	2015	52	6/24/2015	24-Jun	19	20.08	0.358	-0.258	0.406	7.4	-0.74	0.84	-0.04	FirstQuarter	FQ	7	1.517	0.51	0.67	0.742	43	860	42	40	800	12	1168.18	1.17	23.4	ID141
ID142	2015	53	6/25/2015	25-Jun	20	20.27	0.19	0.548	-0.068	6.38	-1.03	-1.76	-0.19	FirstQuarter	FQ	8	1.733	0.6	-0.305	-0.952	36	720	44	67	1340	13	1943.66	1.94	38.9	ID142
ID143	2015	54	6/26/2015	26-Jun	21	20.63	0.359	0.548	0.906	7.12	0.74	-0.28	-1.02	WaxingGibbous	WXG	9	1.95	0.7	0.774	0.633	13	260	34	11	220	7	500.86	0.5	10	ID143
ID144	2015	55	6/27/2015	27-Jun	22	21.21	0.581	0.939	1.129	6.47	-0.65	0.09	-0.93	WaxingGibbous	WXG	10	2.167	0.78	0.514	-0.858	15	300	21	22	440	9	908.4	0.91	18.2	ID144
ID145	2015	56	6/28/2015	28-Jun	23	21.05	-0.156	0.425	0.784	5.79	-0.67	-1.33	-0.58	WaxingGibbous	WXG	11	2.383	0.86	-0.923	-0.384	21	420	17	14	280	9	1052.78	1.05	21.1	ID145
ID146	2015	57	6/29/2015	29-Jun	24	21.38	0.328	0.172	0.753	6.11	0.32	-0.35	-1.01	WaxingGibbous	WXG	12	2.6	0.93	-0.948	0.317	3	60	5	15	300	10	715.25	0.72	14.3	ID146
ID147	2015	58	6/30/2015	30-Jun	25	20.91	-0.473	-0.144	-0.3	7.38	1.27	1.59	0.92	WaxingGibbous	WXG	13	2.817	0.97	0.38	-0.925	16	320	4	28	560	12	845.82	0.85	16.9	ID147
ID148	2015	62	7/3/2015	3-Jul	26	19.81	0.602	0.79	-1.104	8.07	-1.13	-2.36	0.69	WaningGibbous	WAG	16	3.467	0.98	-0.573	-0.819	41	820	0	60	1200	12	3008.22	3.01	60.2	ID148
ID149	2015	63	7/5/2015	5-Jul	27	20.85	0.541	1.041	1.644	6.78	-0.19	-1.29	-2.42	WaningGibbous	WAG	18	3.9	0.86	-0.923	-0.384	35	700	0	78	1560	13	3175.84	3.18	63.5	ID149
ID150	2016	15	5/18/2016	18-May	1	12.22	0.86	1.32	0.68	12.19	-0.39	-3.07	-4.35	WaxingGibbous	WXG	12	2.6	NA	NA	NA	40	800	0	28	560	12	1500.32	1.5	30	ID150
ID151	2016	16	5/20/2016	20-May	2	14.99	1.51	2.77	3.63	11.55	0.95	-0.64	-1.03	WaxingGibbous	WXG	14	3.033	NA	NA	NA	92	1840	0	42	840	12	1181.49	1.18	23.6	ID151
ID152	2016	17	5/22/2016	22-May	3	16.64	0.66	1.65	3.16	10.91	1.97	-0.64	0.32	WaningGibbous	WAG	16	3.467	NA	NA	NA	5898	117960	7	130	2600	15	6158.87	6.16	123.2	ID152
ID153	2016	18	5/23/2016	23-May	4	17.64	1	1.66	2.65	7.8	-3.11	-1.14	-3.75	WaningGibbous	WAG	17	3.683	NA	NA	NA	1983	39660	202	207	4140	16	9563.57	9.56	191.3	ID153
ID154	2016	19	5/24/2016	24-May	5	18.07	0.43	1.43	2.08	8.61	0.81	-2.3	-0.33	WaningGibbous	WAG	18	3.9	NA	NA	NA	494	9880	513	176	3520	21	8377.12	8.38	167.5	ID154
ID155	2016	20	5/25/2016	25-May	6	18.77	0.69	1.12	2.12	8.88	0.27	1.08	-2.03	WaningGibbous	WAG	19	4.117	NA	NA	NA	95	1900	706	222	4440	17	9669.01	9.67	193.4	ID155
ID156	2016	21	5/26/2016	26-May	7	19.69	0.92	1.62	2.05	9.28	0.4	0.67	1.48	WaningGibbous	WAG	20	4.333	NA	NA	NA	17	340	672	155	3100	18	5798.25	5.8	116	ID156
ID157	2016	22	5/27/2016	27-May	8	20.33	0.64	1.56	2.25	9	-0.28	0.12	0.39	WaningGibbous	WAG	21	4.55	NA	NA	NA	36	720	504	147	2940	15	7674.07	7.67	153.5	ID157
ID158	2016	23	5/28/2016	28-May	9	21.43	1.11	1.74	2.67	10.81	1.81	1.53	1.92	WaningGibbous	WAG	22	4.767	NA	NA	NA	8	160	296	182	3640	17	9427.02	9.43	188.5	ID158
ID159	2016	24	5/29/2016	29-May	10	21.93	0.49	1.6	2.24	9	-1.81	0	-0.28	LastQuarter	LQ	23	4.983	NA	NA	NA	9	180	248	125	2500	15	4391.73	4.39	87.8	ID159
ID160	2016	25	5/30/2016	30-May	11	21.48	-0.45	0.04	1.15	8.83	-0.17	-1.98	-0.17	WaningCrescent	WNC	24	5.2	NA	NA	NA	12	240	129	49	980	12	1206.11	1.21	24.1	ID160
ID161	2016	26	5/31/2016	31-May	12	21.75	0.28	-0.17	0.32	8.74	-0.09	-0.26	-2.07	WaningCrescent	WNC	25	5.417	NA	NA	NA	13	260	72	117	2340	15	4913.38	4.91	98.3	ID161
ID162	2016	27	6/1/2016	1-Jun	13	20.84	-0.91	-0.64	-1.09	7.67	-1.07	-1.16	-1.33	WaningCrescent	WNC	26	5.633	NA	NA	NA	53	1060	43	91	1820	15	2786.8	2.79	55.7	ID162
ID163	2016	28	6/2/2016	2-Jun	14	19.92	-0.92	-1.83	-1.56	7.86	0.19	-0.87	-0.96	WaningCrescent	WNC	27	5.85	NA	NA	NA	190	3800	134	105	2100	16	3266.43	3.27	65.3	ID163
ID164	2016	29	6/3/2016	3-Jun	15	19.92	0	-0.92	-1.83	8.53	0.66	0.86	-0.21	WaningCrescent	WNC	28	6.067	NA	NA	NA	1204	24080	167	124	2480	13	4980.12	4.98	99.6	ID164
ID165	2016	30	6/4/2016	4-Jun	16	20.49	0.57	0.57	-0.35	8.05	-0.48	0.19	0.38	NewMoon	NM	1	0.217	NA	NA	NA	673	13460	86	64	1280	12	2156.13	2.16	43.1	ID165
ID166	2016	31	6/5/2016	5-Jun	17	19.39	-1.1	-0.53	-0.53	7.82	-0.23	-0.71	-0.05	WaxingCrescent	WXC	2	0.433	NA	NA	NA	395	7900	19	41	820	12	1348.84	1.35	27	ID166
ID167	2016	32	6/6/2016	6-Jun	18	18.43	-0.96	-2.06	-1.49	9.35	1.53	1.3	0.82	WaxingCrescent	WXC	3	0.65	NA	NA	NA	192	3840	8	92	1840	12	2644.91	2.64	52.9	ID167
ID168	2016	33	6/7/2016	7-Jun	19	17.62	-0.81	-1.77	-2.87	8.98	-0.37	1.17	0.93	WaxingCrescent	WXC	4	0.867	NA	NA	NA	117	2340	8	89	1780	15	2223.01	2.22	44.5	ID168
ID169	2016	34	6/8/2016	8-Jun	20	16.75	-0.86	-1.68	-2.64	9.6	0.62	0.25	1.78	WaxingCrescent	WXC	5	1.083	NA	NA	NA	89	1780	3	156	3120	15	3802.21	3.8	76	ID169
ID170	2016	35	6/9/2016	9-Jun	21	17.02	0.27	-0.6	-1.41	7.5	-2.1	-1.48	-1.84	WaxingCrescent	WXC	6	1.3	NA	NA	NA	71	1420	1	170	3400	12	4089.03	4.09	81.8	ID170
ID171	2016	36	6/11/2016	11-Jun	22	19.3	1.15	2.28	2.55	8.66	1.27	1.15	-0.94	WaxingCrescent	WXC	8	1.733	NA	NA	NA	54	1080	2	43	860	12	1572.92	1.57	31.5	ID171
ID172	2016	37	6/12/2016	12-Jun	23	19.14	-0.15	1	2.13	7.16	-1.5	-0.23	-0.35	FirstQuarter	FQ	9	1.95	NA	NA	NA	66	1320	0	53	1060	13	1642.51	1.64	32.9	ID172
ID173	2016	38	6/13/2016	13-Jun	24	18.91	-0.23	-0.38	0.77	7.78	0.62	-0.88	0.39	WaxingGibbous	WXG	10	2.167	NA	NA	NA	36	720	0	37	740	12	655.93	0.66	13.1	ID173
ID174	2016	39	6/14/2016	14-Jun	25	19.85	0.93	0.7	0.55	7.44	-0.34	0.28	-1.22	WaxingGibbous	WXG	11	2.383	NA	NA	NA	41	820	13	44	880	12	1111.56	1.11	22.2	ID174
ID175	2016	40	6/15/2016	15-Jun	26	19.24	-0.6	0.33	0.1	7.06	-0.38	-0.72	-0.1	WaxingGibbous	WXG	12	2.6	NA	NA	NA	18	360	27	67	1340	10	1639.39	1.64	32.8	ID175
ID176	2016	41	6/16/2016	16-Jun	27	18.96	-0.29	-0.89	0.04	8.66	1.6	1.22	0.88	WaxingGibbous	WXG	13	2.817	NA	NA	NA	13	260	39	45	900	13	936.43	0.94	18.7	ID176
ID177	2016	42	6/17/2016	17-Jun	28	19.68	0.72	0.43	-0.17	10.16	1.5	3.1	2.72	WaxingGibbous	WXG	14	3.033	NA	NA	NA	25	500	17	52	1040	13	1381.67	1.38	27.6	ID177
ID178	2016	43	6/18/2016	18-Jun	29	20.17	0.5	1.21	0.93	9.46	-0.7	0.8	2.4	WaxingGibbous	WXG	15	3.24992069	NA	NA	NA	15	300	31	30	600	11	939.99	0.94	18.8	ID178
ID179	2016	44	6/19/2016	19-Jun	30	21.69	1.52	2.02	2.74	8.35	-1.1	-1.81	-0.31	WaxingGibbous	WXG	16	3.466582069	NA	NA	NA	12	240	46	29	580	9	298.08	0.3	6	ID179
ID180	2016	45	6/20/2016	20-Jun	31	22.26	0.57	2.09	2.59	6.64	-1.71	-2.82	-3.52	FullMoon	FM	17	3.683243448	NA	NA	NA	48	960	26	29	580	10	871.5	0.87	17.4	ID180
ID181	2016	46	6/21/2016	21-Jun	32	21.96	-0.31	0.26	1.79	6.87	0.23	-1.48	-2.59	WaningGibbous	WAG	18	3.899904828	NA	NA	NA	31	620	18	58	1160	14	1655.33	1.66	33.1	ID181
ID182	2016	47	6/22/2016	22-Jun	33	21.98	0.02	-0.28	0.29	7.3	0.43	0.66	-1.05	WaningGibbous	WAG	19	4.116566207	NA	NA	NA	11	220	9	64	1280	15	2341.88	2.34	46.8	ID182
ID183	2016	48	6/23/2016	23-Jun	34	21.98	0	0.02	-0.29	7.32	0.02	0.45	0.69	WaningGibbous	WAG	20	4.333227586	NA	NA	NA	13	260	6	46	920	13	1448.24	1.45	29	ID183
ID184	2016	49	6/24/2016	24-Jun	35	21.94	-0.04	-0.04	-0.02	7.76	0.43	0.46	0.89	WaningGibbous	WAG	21	4.549888966	NA	NA	NA	10	200	1	56	1120	14	1696.45	1.7	33.9	ID184
ID185	2016	50	6/25/2016	25-Jun	36	22.66	0.72	0.68	0.68	7.24	-0.52	-0.09	-0.07	WaningGibbous	WAG	22	4.766550345	NA	NA	NA	8	160	0	76	1520	14	2567.57	2.57	51.4	ID185
ID186	2016	51	6/26/2016	26-Jun	37	22.99	0.33	1.05	1.02	7.75	0.51	-0.01	0.42	WaningGibbous	WAG	23	4.983211724	NA	NA	NA	9	180	0	74	1480	15	2494.52	2.49	49.9	ID186
ID187	2016	52	6/27/2016	27-Jun	38	22.26	-0.73	-0.4	0.32	6.7	-1.05	-0.54	-1.06	LastQuarter	LQ	24	5.199873103	NA	NA	NA	11	220	0	82	1640	14	3879.32	3.88	77.6	ID187
ID188	2016	53	6/29/2016	29-Jun	39	21.56	-0.23	-0.7	-1.43	6.84	-0.02	0.14	-0.9	WaningCrescent	WNC	26	5.633195862	NA	NA	NA	19	380	0	66	1320	17	1920.32	1.92	38.4	ID188
ID189	2016	54	7/1/2016	1-Jul	40	21.06	-0.42	-0.51	-0.74	6.42	-0.05	-0.42	-0.43	WaningCrescent	WNC	28	6.066518621	NA	NA	NA	4	80	0	41	820	12	1621.62	1.62	32.4	ID189
ID190	2017	18	5/15/2017	15-May	1	15	1.19	1.2	1.52	7.7228792	-0.3891473	-0.1181118	-0.0408104	WaningGibbous	WAG	19	4.117	0.81	-0.63	0.777	15	300	0	113	2260	15	10026.58	10.03	200.5	ID190
ID191	2017	19	5/17/2017	17-May	2	16.88	0.53	1.88	3.07	7.6475599	-0.0323404	-0.0753193	-0.4644666	WaningGibbous	WAG	21	4.55	0.64	0.92	0.392	161	3220	28	102	2040	16	5481.2	5.48	109.6	ID191
ID192	2017	20	5/18/2017	18-May	3	17.38	0.5	1.02	2.38	7.6200216	-0.0275383	-0.0598788	-0.1028576	LastQuarter	LQ	22	4.767	0.5	-0.262	0.965	649	12980	391	158	3160	15	12058.02	12.06	241.2	ID192
ID193	2017	21	5/19/2017	19-May	4	16.2	-1.17	-0.67	-0.15	8.216214	0.5961924	0.5686541	0.5363136	WaningCrescent	WNC	23	4.983	0.43	-0.832	0.555	233	4660	1354	126	2520	12	7258.26	7.26	145.2	ID193
ID194	2017	22	5/20/2017	20-May	5	16.07	-0.13	-1.31	-0.81	7.5603405	-0.6558735	-0.0596811	-0.0872194	WaningCrescent	WNC	24	5.2	0.33	1	-0.013	299	5980	4390	161	3220	12	10365.98	10.37	207.3	ID194
ID195	2017	23	5/21/2017	21-May	6	15.57	-0.5	-0.64	-1.81	7.9535098	0.3931693	-0.2627042	0.3334882	WaningCrescent	WNC	25	5.417	0.23	-0.846	-0.533	91	1820	5220	117	2340	12	7756.47	7.76	155.1	ID195
ID196	2017	24	5/22/2017	22-May	7	14.37	-1.2	-1.7	-1.83	8.0567479	0.1032381	0.4964074	-0.1594661	WaningCrescent	WNC	26	5.633	0.14	0.991	0.137	35	700	2473	55	1100	11	4231.21	4.23	84.6	ID196
ID197	2017	25	5/23/2017	23-May	8	14.58	0.21	-0.99	-1.49	7.890855	-0.1658929	-0.0626548	0.3305145	WaningCrescent	WNC	27	5.85	0.07	0.657	0.754	24	480	1853	103	2060	8	5482.03	5.48	109.6	ID197
ID198	2017	26	5/24/2017	24-May	9	14.71	0.13	0.34	-0.86	7.989159	0.098304	-0.0675889	0.0356492	WaningCrescent	WNC	28	6.067	0.02	0.909	-0.416	14	280	1219	128	2560	14	6900.59	6.9	138	ID198
ID199	2017	27	5/25/2017	25-May	10	14.4	-0.32	-0.18	0.02	8.8917185	0.9025595	1.0008635	0.8349706	NewMoon	NM	1	0.217	0	0	1	4	80	494	141	2820	13	6932.19	6.93	138.6	ID199
ID200	2017	28	5/26/2017	26-May	11	14.89	0.49	0.18	0.31	9.524172	0.6324535	1.535013	1.633317	WaxingCrescent	WXC	2	0.433	0.01	0.841	0.54	5	100	217	114	2280	15	6543.47	6.54	130.9	ID200
ID201	2017	29	5/27/2017	27-May	12	16.22	1.33	1.83	1.51	8.3136561	-1.2105159	-0.5780624	0.3244971	WaxingCrescent	WXC	3	0.65	0.05	-0.959	0.284	3	60	148	92	1840	13	4320.37	4.32	86.4	ID201
ID202	2017	30	6/1/2017	1-Jun	13	15.36	-1.01	-1.41	-1.14	8.3046242	-0.6272954	-1.6347863	-7.9917551	FirstQuarter	FQ	8	1.733	0.5	-0.262	0.965	4	80	88	80	1600	18	3866.94	3.87	77.3	ID202
ID203	2017	31	6/2/2017	2-Jun	14	15.5	0.14	-0.87	-1.27	7.7446409	-0.5599834	-1.1872788	-2.1947697	WaxingGibbous	WXG	9	1.95	0.62	-0.739	0.674	8	160	84	64	1280	13	4099.36	4.1	82	ID203
ID204	2017	32	6/3/2017	3-Jun	15	17.05	1.55	1.69	0.68	7.3617729	-0.382868	-0.9428514	-1.5701468	WaxingGibbous	WXG	10	2.167	0.71	0.951	-0.309	26	520	156	59	1180	14	2437.62	2.44	48.8	ID204
ID205	2017	33	6/4/2017	4-Jun	16	17.26	0.22	1.76	1.9	10.0329911	2.6712182	2.2883502	1.7283668	WaxingGibbous	WXG	11	2.383	0.8	-0.994	-0.11	35	700	84	41	820	9	1410.8	1.41	28.2	ID205
ID206	2017	34	6/5/2017	5-Jun	17	17.82	0.56	0.77	2.32	8.6598935	-1.3730976	1.2981206	0.9152526	WaxingGibbous	WXG	12	2.6	0.87	-0.822	0.57	19	380	108	48	960	15	2167.31	2.17	43.3	ID206
ID207	2017	35	6/6/2017	6-Jun	18	18.55	0.73	1.28	1.5	7.7964902	-0.8634033	-2.2365009	0.4347173	WaxingGibbous	WXG	13	2.817	0.93	-0.948	0.317	33	660	90	21	420	7	649.63	0.65	13	ID207
ID208	2017	36	6/7/2017	7-Jun	19	19.82	1.27	2	2.56	7.3007223	-0.4957678	-1.3591712	-2.7322687	WaxingGibbous	WXG	14	3.033	0.97	0.38	-0.925	51	1020	64	18	360	11	501.98	0.5	10	ID208
ID209	2017	37	6/8/2017	8-Jun	20	20.32	0.5	1.77	2.5	7.0207272	-0.2799952	-0.775763	-1.6391663	WaxingGibbous	WXG	15	3.25	0.99	-0.999	0.04	288	5760	50	43	860	11	1506.42	1.51	30.1	ID209
ID210	2017	38	6/9/2017	9-Jun	21	20.82	0.5	1	2.27	6.9380369	-0.0826903	-0.3626854	-0.8584533	FullMoon	FM	16	3.467	1	-0.506	0.862	442	8840	32	40	800	9	1255.66	1.26	25.1	ID210
ID211	2017	39	6/10/2017	10-Jun	22	21.48	0.67	1.16	1.66	7.3732201	0.4351831	0.3524929	0.0724977	WaningGibbous	WAG	17	3.683	0.99	-0.999	0.04	942	18840	185	111	2220	13	2313.48	2.31	46.3	ID211
ID212	2017	40	6/11/2017	11-Jun	23	21.64	0.16	0.82	1.32	6.7126512	-0.6605688	-0.2253857	-0.308076	WaningGibbous	WAG	18	3.9	0.96	0.984	-0.18	246	4920	152	156	3120	10	3688.76	3.69	73.8	ID212
ID213	2017	41	6/12/2017	12-Jun	24	21.94	0.3	0.46	1.13	6.7200111	0.0073599	-0.6532089	-0.2180258	WaningGibbous	WAG	19	4.117	0.91	0.106	-0.994	175	3500	52	44	880	10	1630.78	1.63	32.6	ID213
ID214	2017	42	6/13/2017	13-Jun	25	22.81	0.87	1.17	1.33	7.3246196	0.6046085	0.6119684	-0.0486004	WaningGibbous	WAG	20	4.333	0.85	-0.176	-0.984	77	1540	42	70	1400	10	1978.8	1.98	39.6	ID214
ID215	2017	43	6/14/2017	14-Jun	26	22.98	0.17	1.04	1.34	6.8698745	-0.4547451	0.1498634	0.1572233	WaningGibbous	WAG	21	4.55	0.78	0.514	-0.858	96	1920	27	75	1500	11	2756.01	2.76	55.1	ID215
ID216	2017	44	6/15/2017	15-Jun	27	22.81	-0.17	0	0.87	8.1872101	1.3173356	0.8625904	1.4671989	WaningGibbous	WAG	22	4.767	0.69	-0.115	0.993	149	2980	30	64	1280	9	2749.52	2.75	55	ID216
ID217	2017	45	6/16/2017	16-Jun	28	22.76	-0.06	-0.23	-0.05	7.4423439	-0.7448661	0.5724694	0.1177243	WaningGibbous	WAG	23	4.983	0.59	0.637	-0.771	16	320	85	38	760	9	1238.62	1.24	24.8	ID217
ID218	2017	46	6/17/2017	17-Jun	29	23.07	0.31	0.25	0.08	8.2621021	0.8197582	0.074892	1.3922276	LastQuarter	LQ	24	5.199873103	0.5	-0.262	0.965	14	280	17	4	80	4	29.51	0.03	0.6	ID218
ID219	2017	47	6/18/2017	18-Jun	30	22.87	-0.19	0.12	0.06	10.9176246	2.6555225	3.4752807	2.7304145	WaningCrescent	WNC	25	5.416534483	0.37	-0.644	0.765	7	140	2	8	160	3	49.51	0.05	1	ID219
ID220	2017	48	6/25/2017	25-Jun	31	19.98	0.11	0.41	-0.21	8.3653878	-0.0971719	-2.6638801	-1.3082395	WaxingCrescent	WXC	4	0.866645517	0.04	-0.757	-0.654	8	160	0	37	740	11	1489.1	1.49	29.8	ID220
ID221	2018	15	5/24/2018	24-May	1	17.40695833	1.183083333	1.429833333	1.84325	8.491429605	-0.191351534	-0.552818617	-0.63645937	WaxingGibbous	WXG	11	2.383275172	0.76	0.688921445	0.724836011	436	8720	3469	52	1040	5	3313.54	3.31	66.3	ID221
ID222	2018	16	5/25/2018	25-May	3	19.11941667	1.712458333	2.895541667	3.142291667	7.783268453	-0.708161152	-0.899512686	-1.260979768	WaxingGibbous	WXG	12	2.599936552	0.85	0.751280405	0.659983146	270	5400	16897	19	380	6	944.99	0.94	18.9	ID222
ID223	2018	17	5/26/2018	26-May	4	21.03395833	1.914541667	3.627	4.810083333	7.377331195	-0.405937259	-1.11409841	-1.305449945	WaxingGibbous	WXG	13	2.816597931	0.91	0.78950374	0.613745749	279	5580	13345	29	580	12	2674.6	2.67	53.5	ID223
ID224	2018	18	5/27/2018	27-May	5	21.82404167	0.790083333	2.704625	4.417083333	7.534462504	0.157131309	-0.248805949	-0.956967101	WaxingGibbous	WXG	14	3.03325931	0.96	0.819191568	0.573519986	64	1280	5722	52	1040	10	2858.59	2.86	57.2	ID224
ID225	2018	19	5/28/2018	28-May	6	22.41816667	0.594125	1.384208333	3.29875	8.121510005	0.587047501	0.74417881	0.338241551	WaxingGibbous	WXG	15	3.24992069	0.99	0.836025979	0.548689861	75	1500	2771	70	1400	10	4238.97	4.24	84.8	ID225
ID226	2018	20	5/29/2018	29-May	7	23.16766667	0.7495	1.343625	2.133708333	7.549062655	-0.57244735	0.014600151	0.171731461	FullMoon	FM	16	3.466582069	1	0.841470985	0.540302306	9	180	1484	36	720	10	1751.12	1.75	35	ID226
ID227	2018	21	5/30/2018	30-May	8	23.34675	0.179083333	0.928583333	1.522708333	6.885157121	-0.663905535	-1.236352884	-0.649305384	WaningGibbous	WAG	17	3.683243448	0.99	0.836025979	0.548689861	26	520	916	67	1340	13	3782.02	3.78	75.6	ID227
ID228	2018	22	5/31/2018	31-May	9	22.76066667	-0.586083333	-0.407	0.3425	7.493195103	0.608037983	-0.055867552	-0.628314901	WaningGibbous	WAG	18	3.899904828	0.96	0.819191568	0.573519986	29	580	554	72	1440	10	4846.56	4.85	96.9	ID228
ID229	2018	23	6/1/2018	1-Jun	10	21.39395833	-1.366708333	-1.952791667	-1.773708333	8.022067404	0.5288723	1.136910283	0.473004748	WaningGibbous	WAG	19	4.116566207	0.91	0.78950374	0.613745749	18	360	198	121	2420	9	7590.86	7.59	151.8	ID229
ID230	2018	24	6/4/2018	4-Jun	11	17.56566667	-1.462541667	-2.938458333	-3.828291667	7.912635735	-0.8116391	-0.549481655	-0.109431669	WaningGibbous	WAG	20	4.333227586	0.7	0.644217687	0.764842187	326	6520	11	101	2020	7	6276.19	6.28	125.5	ID230
ID231	2018	25	6/5/2018	5-Jun	12	16.80816667	-0.7575	-2.220041667	-3.695958333	7.714945543	-0.197690192	-1.009329292	-0.747171847	WaningGibbous	WAG	21	4.549888966	0.61	0.57286746	0.819648018	202	4040	7	78	1560	8	6300.75	6.3	126	ID231
ID232	2018	26	6/6/2018	6-Jun	13	16.56533333	-0.242833333	-1.000333333	-2.462875	7.541452729	-0.173492814	-0.371183006	-1.182822106	LastQuarter	LQ	22	4.766550345	0.5	0.479425539	0.877582562	290	5800	4	66	1320	8	6550.71	6.55	131	ID232
ID233	2018	27	6/7/2018	7-Jun	14	17.02604167	0.460708333	0.217875	-0.539625	7.244814714	-0.296638015	-0.470130829	-0.667821021	WaningCrescent	WNC	23	4.983211724	0.41	0.398609328	0.917120823	118	2360	3	39	780	4	2487.33	2.49	49.7	ID233
ID234	2018	28	6/8/2018	8-Jun	15	18.10466667	1.078625	1.539333333	1.2965	7.126981911	-0.117832803	-0.414470818	-0.587963632	WaningCrescent	WNC	24	5.199873103	0.31	0.305058636	0.95233357	91	1820	0	53	1060	9	3243.91	3.24	64.9	ID234
ID235	2018	29	6/9/2018	9-Jun	16	19.18754167	1.082875	2.1615	2.622208333	6.949503667	-0.177478244	-0.295311047	-0.591949062	WaningCrescent	WNC	25	5.416534483	0.22	0.218229623	0.975897449	22	440	1	51	1020	7	3040.88	3.04	60.8	ID235
ID236	2018	30	6/10/2018	10-Jun	17	19.34604167	0.1585	1.241375	2.32	6.741454293	-0.208049374	-0.385527618	-0.503360421	WaningCrescent	WNC	26	5.633195862	0.14	0.139543115	0.990215996	61	1220	0	83	1660	7	2998.76	3	60	ID236
ID237	2018	31	6/11/2018	11-Jun	18	19.61654167	0.2705	0.429	1.511875	6.247727194	-0.493727099	-0.701776473	-0.879254717	WaningCrescent	WNC	27	5.849857241	0.07	0.069942847	0.997551	164	3280	0	35	700	5	1180.81	1.18	23.6	ID237
ID238	2018	32	6/12/2018	12-Jun	19	20.03325	0.416708333	0.687208333	0.845708333	6.332694717	0.084967523	-0.408759576	-0.61680895	WaningCrescent	WNC	28	6.066518621	0.02	0.019998667	0.999800007	125	2500	0	108	2160	8	4503.37	4.5	90.1	ID238
ID239	2018	33	6/13/2018	13-Jun	20	19.86095833	-0.172291667	0.244416667	0.514916667	6.231656199	-0.101038518	-0.016070995	-0.509798094	NewMoon	NM	0	0	0	0	1	63	1260	47	83	1660	11	3470.23	3.47	69.4	ID239
ID240	2018	34	6/14/2018	14-Jun	21	20.27083333	0.409875	0.237583333	0.654291667	6.417315133	0.185658934	0.084620416	0.169587939	WaxingCrescent	WXC	1	0.216661379	0.01	0.009999833	0.99995	23	460	212	61	1220	6	1548.21	1.55	31	ID240
ID241	2018	35	6/15/2018	15-Jun	22	20.88258333	0.61175	1.021625	0.849333333	5.971578616	-0.445736517	-0.260077583	-0.361116101	WaxingCrescent	WXC	2	0.433322759	0.05	0.049979169	0.99875026	18	360	571	51	1020	7	2227.12	2.23	44.5	ID241
ID242	2018	36	6/16/2018	16-Jun	23	21.34220833	0.459625	1.071375	1.48125	6.29392387	0.322345254	-0.123391263	0.062267671	WaxingCrescent	WXC	3	0.649984138	0.12	0.119712207	0.992808636	20	400	410	28	560	10	860.1	0.86	17.2	ID242
ID243	2018	37	6/17/2018	17-Jun	24	21.88175	0.539541667	0.999166667	1.610916667	5.988900604	-0.305023265	0.017321989	-0.428414528	WaxingCrescent	WXC	4	0.866645517	0.2	0.198669331	0.980066578	4	80	221	26	520	9	623.38	0.62	12.5	ID243
ID244	2018	38	6/18/2018	18-Jun	25	21.57279167	-0.308958333	0.230583333	0.690208333	6.130504891	0.141604287	-0.163418979	0.158926276	WaxingCrescent	WXC	5	1.083306897	0.31	0.305058636	0.95233357	32	640	67	13	260	4	349.24	0.35	7	ID244
ID245	2018	39	6/19/2018	19-Jun	26	21.94508333	0.372291667	0.063333333	0.602875	6.720352299	0.589847408	0.731451695	0.42642843	WaxingCrescent	WXC	6	1.299968276	0.41	0.398609328	0.917120823	10	200	16	10	200	5	456.52	0.46	9.1	ID245
ID246	2018	40	6/20/2018	20-Jun	27	21.81754167	-0.127541667	0.24475	-0.064208333	6.576442435	-0.143909864	0.445937544	0.587541831	FirstQuarter	FQ	7	1.516629655	0.5	0.479425539	0.877582562	8	160	5	10	200	6	330.65	0.33	6.6	ID246
ID247	2018	41	6/21/2018	21-Jun	28	22.057	0.239458333	0.111916667	0.484208333	6.442140215	-0.134302221	-0.278212085	0.311635323	WaxingGibbous	WXG	8	1.733291034	0.63	0.589144758	0.808027508	13	260	1	11	220	4	207.37	0.21	4.1	ID247
ID248	2018	42	6/22/2018	22-Jun	29	21.44329167	-0.613708333	-0.37425	-0.501791667	5.59993141	-0.842208805	-0.976511026	-1.12042089	WaxingGibbous	WXG	9	1.949952414	0.73	0.666869635	0.745174402	28	560	0	3	60	2	70.07	0.07	1.4	ID248
ID249	2018	43	6/23/2018	23-Jun	30	20.38854167	-1.05475	-1.668458333	-1.429	5.749609526	0.149678117	-0.692530689	-0.826832909	WaxingGibbous	WXG	10	2.166613793	0.81	0.724287174	0.689498433	0	0	0	3	60	2	219.36	0.22	4.4	ID249
ID250	2018	44	6/24/2018	24-Jun	31	20.269625	-0.118916667	-1.173666667	-1.787375	6.728509006	0.97889948	1.128577597	0.286368792	WaxingGibbous	WXG	11	2.383275172	0.88	0.770738879	0.637151144	0	0	0	2	40	2	111.56	0.11	2.2	ID250
